4  96  0.624491
5  95  0.950919
6  94  0.98331
7  93  0.9964
8  92  0.999462
11  89  0.99852
12  88  0.999962
13  87  0.999742
14  86  0.999895
15  85  0.993545
17  83  0.987241
18  82  0.99769
19  81  0.997624
20  80  0.997718
21  79  0.999336
22  78  0.999966
23  77  0.999698
24  76  0.999966
25  75  0.999698
26  74  0.99998
27  73  0.99998
28  72  0.999584
29  71  0.999916
30  70  0.999802
31  69  0.940418
33  67  0.988765
34  66  0.997473
35  65  0.978883
37  64  0.213578
38  62  0.776667
38  63  0.212442
39  61  0.999264
40  60  0.998927
41  59  0.996955
43  57  0.997251
44  56  0.998508
45  55  0.998346
46  54  0.997013
47  52  0.616731
