2  95  0.0200306
6  94  0.833257
6  95  0.0481071
7  93  0.97871
8  92  0.997669
9  91  0.999901
10  90  0.994427
12  88  0.994462
13  87  0.999954
14  86  0.999159
15  85  0.998992
16  84  0.999358
17  83  0.996682
19  81  0.853173
20  80  0.994009
21  79  0.998516
22  78  0.998835
23  77  0.998356
24  76  0.997115
25  75  0.997721
26  74  0.993537
28  72  0.377837
29  71  0.374365
30  69  0.858468
30  70  0.128445
31  68  0.997929
32  67  0.999574
33  66  0.999965
34  65  0.999689
35  64  0.996042
37  62  0.98373
38  61  0.983291
39  60  0.906875
40  59  0.753683
40  60  0.0816122
42  57  0.0176147
42  58  0.634129
43  55  0.0108032
43  57  0.97626
44  54  0.0103663
44  56  0.984921
45  55  0.98296
46  54  0.95282
48  52  0.0120678
