6  94  0.832748
6  95  0.0468474
7  93  0.978595
8  92  0.997642
9  91  0.999903
10  90  0.994427
12  88  0.994453
13  87  0.999943
14  86  0.992324
16  84  0.995904
17  83  0.995619
19  81  0.853102
20  80  0.993992
21  79  0.998513
22  78  0.998835
23  77  0.998356
24  76  0.997115
25  75  0.997721
26  74  0.993537
28  72  0.377834
29  71  0.374362
30  69  0.858455
30  70  0.128445
31  68  0.997914
32  67  0.99956
33  66  0.99995
34  65  0.999674
35  64  0.996078
37  62  0.984796
38  61  0.984589
39  60  0.916225
40  59  0.778469
40  60  0.072002
42  57  0.0952804
42  58  0.559343
43  55  0.106251
43  57  0.861037
44  54  0.101843
44  56  0.864535
45  55  0.837329
48  53  0.0287619
