5  94  0.997882
6  93  0.999972
7  92  0.99999
8  91  0.99999
9  90  0.999957
10  89  0.999917
11  88  0.999743
12  87  0.999966
13  86  0.999583
14  85  0.999955
15  84  0.999582
16  83  0.999934
17  82  0.996393
18  81  0.90564
20  79  0.940658
21  78  0.997297
22  77  0.999801
23  76  0.999289
24  75  0.999912
25  74  0.96105
27  72  0.997975
28  71  0.999703
29  70  0.995952
30  69  0.856795
32  67  0.936432
33  66  0.954762
34  68  0.0195032
35  65  0.38859
35  67  0.0192898
36  64  0.386761
36  66  0.0185081
38  62  0.988832
39  61  0.995528
40  60  0.999455
41  59  0.999975
42  58  0.999493
43  56  0.936662
44  55  0.979457
45  54  0.932567
46  54  0.0246635
47  52  0.0871533
47  53  0.045102
48  52  0.031976
