4  95  0.928349
5  94  0.99903
6  93  0.999228
7  92  0.999384
8  91  0.904034
9  90  0.872263
10  89  0.996996
11  88  0.999937
12  87  0.999185
13  86  0.999493
14  85  0.999972
15  84  0.999584
16  83  0.999955
17  82  0.999511
18  81  0.99998
19  80  0.99998
20  79  0.999584
21  78  0.999949
22  77  0.998876
23  76  0.999035
24  75  0.999901
25  74  0.995993
26  73  0.505275
27  73  0.494242
28  72  0.98412
29  71  0.997428
30  70  0.999914
31  69  0.999913
32  68  0.999894
33  67  0.999792
34  65  0.153178
34  66  0.830424
35  64  0.941029
36  63  0.999765
37  62  0.999714
38  61  0.966491
40  59  0.859429
41  58  0.999373
42  57  0.998266
43  56  0.997997
44  55  0.945842
46  51  0.0170064
47  52  0.703431
47  54  0.0103321
