5  95  0.992115
6  94  0.998362
7  93  0.998755
8  92  0.997344
9  91  0.998797
10  90  0.999951
11  89  0.999743
12  88  0.999966
13  87  0.999583
14  86  0.999955
15  85  0.999583
16  84  0.999955
17  83  0.99951
18  82  0.999977
19  81  0.999979
20  80  0.999027
21  79  0.998628
22  78  0.999355
23  77  0.998997
24  76  0.999021
25  75  0.999963
26  74  0.999494
27  73  0.999494
28  72  0.999966
29  71  0.999511
30  70  0.999977
31  69  0.999985
32  68  0.999453
33  67  0.997922
34  66  0.985358
36  64  0.989376
37  63  0.998487
38  62  0.999023
39  61  0.999979
40  60  0.99999
41  59  0.999977
42  58  0.999511
43  57  0.999977
44  56  0.999986
45  55  0.999459
46  54  0.99845
47  53  0.991775
