4  96  0.959114
5  95  0.996475
6  94  0.995756
7  93  0.99719
8  92  0.99715
9  91  0.998789
10  90  0.999951
11  89  0.999743
12  88  0.999966
13  87  0.999583
14  86  0.999955
15  85  0.999583
16  84  0.99995
17  83  0.998174
18  82  0.998171
19  81  0.999944
20  80  0.999026
21  79  0.998515
22  78  0.998882
23  77  0.998997
24  76  0.999381
25  75  0.999965
26  74  0.999494
27  73  0.999494
28  72  0.999966
29  71  0.999511
30  70  0.999977
31  69  0.999984
32  68  0.99916
33  67  0.989066
34  66  0.617164
36  64  0.985651
37  63  0.997258
38  62  0.99822
39  61  0.999978
40  60  0.99999
41  59  0.999977
42  58  0.999502
43  57  0.999941
44  56  0.99961
46  54  0.988706
47  53  0.98758
