1  99  0.754227
2  98  0.996326
3  97  0.997722
4  96  0.998917
5  95  0.999386
6  94  0.998236
7  93  0.999063
8  92  0.99956
9  91  0.999101
10  90  0.998823
11  89  0.999607
12  88  0.99915
13  87  0.998873
14  86  0.999668
15  85  0.999676
16  84  0.999181
17  83  0.994441
19  81  0.962305
20  80  0.980339
22  78  0.975745
23  77  0.999651
24  76  0.999698
25  75  0.999301
26  74  0.999683
27  73  0.999217
28  72  0.998903
29  71  0.999567
30  70  0.998388
31  69  0.999194
32  68  0.999679
33  67  0.999209
34  66  0.99888
35  65  0.999255
36  64  0.948078
38  62  0.988423
39  61  0.997884
40  60  0.989841
41  59  0.988055
42  58  0.996693
43  57  0.997534
44  56  0.998316
45  55  0.997846
46  54  0.997495
47  53  0.997556
48  52  0.755079
